98  0.000393577
91  0.162196916
74  0.233713994
144 0.307487581
133 0.31416491
104 0.316922887
141 0.318132357
125 0.325547318
5 0.339716781
109 0.340064157
126 0.34242013
13  0.34290858
128 0.349217108
30  0.353993592
134 0.354783017
86  0.360498903
119 0.364125735
87  0.380067998
42  0.382946784
8 0.384334968
11  0.385243402
105 0.388603522
136 0.38875042
143 0.38902807
72  0.389041491
10  0.389199092
37  0.394659677
138 0.398055718
38  0.399815637
131 0.400702481
22  0.406287608
15  0.406480683
122 0.411271293
50  0.411783628
70  0.413170169
99  0.417107911
135 0.417953335
96  0.424874794
9 0.426664613
35  0.427061394
77  0.427214708
101 0.428022318
39  0.428382034
63  0.432079494
127 0.433195844
124 0.433585541
89  0.43531998
108 0.435554244
69  0.436324042
81  0.436328431
47  0.437412351
46  0.437825154
139 0.439411761
106 0.439862355
78  0.439970275
60  0.445808314
58  0.44669292
45  0.447261072
111 0.449115721
12  0.449677264
36  0.45000702
68  0.451200367
56  0.452016442
97  0.454486619
55  0.456658347
7 0.456863494
132 0.456863494
34  0.456931502
116 0.457176445
130 0.458996368
52  0.459366846
23  0.460665045
33  0.465311771
71  0.467303214
75  0.468012923
103 0.468825033
54  0.46916616
26  0.470435248
28  0.470435248
24  0.474024886
48  0.475682914
112 0.477075101
14  0.480234608
16  0.480392146
93  0.484185961
84  0.484692325
88  0.490008105
82  0.490218252
123 0.491510432
66  0.493585495
83  0.495264724
117 0.495825902
114 0.496977588
92  0.500849545
67  0.501057492
59  0.504240158
102 0.507921688
73  0.509283488
49  0.514930931
29  0.515206138
31  0.516322069
137 0.517000533
107 0.521573868
147 0.521627209
6 0.527272095
129 0.530856559
141 0.535928389
41  0.538060482
142 0.538961235
62  0.539130025
53  0.539573667
21  0.546619787
33  0.548261014
100 0.550080391
20  0.552932792
145 0.554594652
120 0.557056386
140 0.561681654
110 0.561716075
27  0.562220691
32  0.569739399
90  0.569739399
146 0.573994719
79  0.57845627
93  0.582908228
43  0.589899419
19  0.610007798
85  0.61523543
51  0.617776328
94  0.677087984
207 0.470080346
244 0.472961591
271 0.480003297
230 0.499267986
226 0.509681845
256 0.514732485
264 0.51921917
276 0.522889596
208 0.523648976
205 0.525679497
223 0.527272095
202 0.538060482
260 0.542573671
265 0.546619787
217 0.553621645
235 0.560800036
227 0.561368123
267 0.561623476
242 0.561681654
261 0.56526382
216 0.573994719
225 0.57845627
252 0.578610225
240 0.583302417
215 0.585501106
250 0.589372362
249 0.591207702
229 0.593261088
241 0.598941414
203 0.599233844
220 0.601763834
213 0.603807519
234 0.604774388
221 0.60532209
263 0.61523543
262 0.615487109
247 0.615575388
251 0.615920177
233 0.622965539
259 0.628974937
270 0.629411336
269 0.629756479
231 0.630369267
272 0.630369267
246 0.633101622
232 0.633659582
204 0.634814697
210 0.63613458
266 0.642986105
206 0.646886636
228 0.647944307
257 0.649489677
254 0.652658067
245 0.653094322
214 0.656242938
258 0.660472116
239 0.662074649
273 0.66366297
268 0.664392413
218 0.664591674
275 0.675421031
248 0.679273063
211 0.67993951
236 0.689145466
222 0.691449501
255 0.692820999
212 0.696946049
274 0.709618
243 0.783009469
209 1.034274595
